KINGDRA 230 50 13 13 15 15 179 142 143 132 144 144 57 63 59 225
HOUNDOOM 229 50 13 13 15 12 178 135 98 145 157 127 156 242 138 53
SHUCKLE 213 50 15 13 12 15 123 60 278 52 59 279 201 156 92 35
SNORLAX 143 50 15 13 14 15 263 159 112 79 114 159 63 89 57 244
LAPRAS 131 50 13 13 13 13 234 133 128 107 133 143 85 57 109 59
JOLTEON 135 50 14 13 15 15 161 114 107 179 159 144 85 86 247 237
SCIZOR 212 50 13 15 14 13 169 175 145 111 99 124 63 163 97 232
SLOWKING 199 50 13 15 13 14 196 118 126 75 146 156 156 57 94 133
MACHAMP 68 50 15 15 14 12 187 176 127 99 108 128 238 89 126 9
STARMIE 121 50 15 15 15 15 161 121 130 161 145 130 86 105 85 57
DUGTRIO 51 50 15 7 15 14 135 125 89 166 96 116 89 163 63 188
ELECTRODE 101 50 7 13 15 14 161 88 117 185 126 126 85 153 243 156
AERODACTYL 142 50 15 13 13 13 181 152 110 174 104 119 63 89 126 231
CROBAT 169 50 14 15 15 15 178 134 127 175 117 127 109 213 63 92
ZAPDOS 145 50 15 13 13 14 190 137 129 143 171 136 65 85 86 63
SKARMORY 227 50 13 7 14 13 164 125 179 116 83 113 201 19 211 92
FORRETRESS 205 50 12 15 13 13 169 134 189 84 103 103 201 92 153 207
STEELIX 208 50 13 13 13 13 176 130 245 73 99 109 201 231 156 89
GIRAFARIG 203 50 4 5 5 6 161 114 100 120 126 101 138 242 94 89
GYARADOS 130 50 7 5 6 5 193 162 114 117 95 135 63 57 240 192
ARTICUNO 144 50 4 5 5 6 181 119 135 120 131 161 59 63 46 196